3
3
4 5 6 7 8 
5 6 7 8 
5 6 7 8 
9 5 10 11 5 12 13 14 8 
15 16 8 
17 18 19 20 21 22 8 
15 23 24 25 26 27 8 
28 29 30 26 11 31 28 32 33 29 34 35 8 
14 36 37 38 39 40 27 8 
41 39 11 42 13 28 43 11 44 45 46 47 48 8 
49 11 50 27 11 13 28 51 52 8 
13 53 54 55 8 
13 53 54 55 8 
13 53 54 55 8 
56 57 58 11 59 60 61 62 63 8 
64 13 65 11 66 67 68 11 69 67 68 11 70 71 67 68 8 
72 68 73 74 75 27 11 27 76 77 
78 79 80 11 81 82 83 84 8 
85 86 55 87 11 88 89 11 90 91 92 8 
93 94 95 27 11 96 14 15 24 97 98 8 
28 99 100 101 102 23 103 8 
104 105 59 106 107 108 109 61 
33 110 111 11 112 55 113 114 115 27 77 
78 15 24 25 97 11 81 116 117 118 11 119 32 81 8 
15 120 27 121 59 122 108 123 61 
5 53 65 8 
124 11 47 53 125 13 126 77 
127 128 11 127 42 129 128 8 
130 131 36 132 39 133 134 37 135 11 136 137 70 138 27 8 
139 140 141 130 142 143 130 144 11 145 146 147 148 149 8 
94 150 39 11 151 32 120 8 
152 153 154 11 155 13 73 156 8 
5 6 157 11 5 39 158 14 159 8 
160 85 161 59 60 61 62 63 8 
162 96 163 11 164 165 166 167 168 27 8 
16 11 169 11 170 171 11 172 73 173 154 8 
174 175 44 14 176 177 178 11 179 180 181 39 182 183 8 
184 147 185 28 186 187 27 11 188 189 8 
64 13 39 190 11 42 5 191 85 192 154 8 
16 73 193 194 11 42 46 28 32 195 196 59 197 198 61 
199 200 201 8 
202 203 202 204 11 205 66 205 206 8 
207 208 147 209 210 11 211 212 11 213 214 215 8 
216 217 11 108 218 219 8 
94 220 11 179 221 222 223 8 
21 14 36 224 39 225 11 226 227 8 
14 39 11 228 228 229 8 
216 230 231 11 54 232 99 39 233 8 
234 235 8 
236 39 8 
237 238 39 8 
94 202 11 239 205 8 
240 11 241 239 202 11 242 243 8 
37 244 11 14 36 120 245 8 
246 11 247 248 249 14 250 94 251 39 8 
73 252 11 179 132 253 254 11 28 255 256 257 8 
9 5 10 11 5 12 13 14 8 
9 5 10 11 5 12 13 14 8 
9 5 10 11 5 12 13 14 8 
15 16 8 
15 16 8 
17 18 19 20 21 22 8 
17 18 19 20 21 22 8 
17 18 19 20 21 22 8 
15 23 24 25 26 27 8 
15 23 24 25 26 27 8 
15 23 24 25 26 27 8 
28 29 30 26 11 31 28 32 33 29 34 35 8 
28 29 30 26 11 31 28 32 33 29 34 35 8 
14 36 37 38 39 40 27 8 
41 39 11 42 13 28 43 11 44 45 46 47 48 8 
41 39 11 42 13 28 43 11 44 45 46 47 48 8 
49 11 50 27 11 13 28 51 52 8 
49 11 50 27 11 13 28 51 52 8 
13 53 54 55 8 
13 53 54 55 8 
13 53 54 55 8 
13 53 54 55 8 
56 57 58 11 59 60 61 62 63 8 
56 57 58 11 59 60 61 62 63 8 
56 57 58 11 59 60 61 62 63 8 
56 57 58 11 59 60 61 62 63 8 
64 13 65 11 66 67 68 11 69 67 68 11 70 71 67 68 8 
64 13 65 11 66 67 68 11 69 67 68 11 70 71 67 68 8 
64 13 65 11 66 67 68 11 69 67 68 11 70 71 67 68 8 
64 13 65 11 66 67 68 11 69 67 68 11 70 71 67 68 8 
64 13 65 11 66 67 68 11 69 67 68 11 70 71 67 68 8 
64 13 65 11 66 67 68 11 69 67 68 11 70 71 67 68 8 
64 13 65 11 66 67 68 11 69 67 68 11 70 71 67 68 8 
72 68 73 74 75 27 11 27 76 77 
72 68 73 74 75 27 11 27 76 77 
78 79 80 11 81 82 83 84 8 
78 79 80 11 81 82 83 84 8 
78 79 80 11 81 82 83 84 8 
85 86 55 87 11 88 89 11 90 91 92 8 
85 86 55 87 11 88 89 11 90 91 92 8 
28 99 100 101 102 23 103 8 
28 99 100 101 102 23 103 8 
104 105 59 106 107 108 109 61 
104 105 59 106 107 108 109 61 
33 110 111 11 112 55 113 114 115 27 77 
258 259 121 260 151 32 261 
78 15 24 25 97 11 81 116 117 118 11 119 32 81 8 
78 15 24 25 97 11 81 116 117 118 11 119 32 81 8 
78 15 24 25 97 11 81 116 117 118 11 119 32 81 8 
15 120 27 121 59 122 108 123 61 
15 120 27 121 59 122 108 123 61 
5 53 65 8 
5 53 65 8 
124 11 47 53 125 13 126 77 
127 128 11 127 42 129 128 8 
127 128 11 127 42 129 128 8 
130 131 36 132 39 133 134 37 135 11 136 137 70 138 27 8 
130 131 36 132 39 133 134 37 135 11 136 137 70 138 27 8 
139 140 141 130 142 143 130 144 11 145 146 147 148 149 8 
139 140 141 130 142 143 130 144 11 145 146 147 148 149 8 
94 150 39 11 151 32 120 8 
262 14 94 263 262 39 11 264 265 266 262 39 8 
262 14 94 263 262 39 11 264 265 266 262 39 8 
152 153 154 11 155 13 73 156 8 
5 6 157 11 5 39 158 14 159 8 
160 85 161 59 60 61 62 63 8 
162 96 163 11 164 165 166 167 168 27 8 
162 96 163 11 164 165 166 167 168 27 8 
16 11 169 11 170 171 11 172 73 173 154 8 
16 11 169 11 170 171 11 172 73 173 154 8 
174 175 44 14 176 177 178 11 179 180 181 39 182 183 8 
16 73 193 194 11 42 46 28 32 195 196 59 197 198 61 
16 73 193 194 11 42 46 28 32 195 196 59 197 198 61 
199 200 201 8 
199 200 201 8 
202 203 202 204 11 205 66 205 206 8 
202 203 202 204 11 205 66 205 206 8 
202 203 202 204 11 205 66 205 206 8 
207 208 147 209 210 11 211 212 11 213 214 215 8 
207 208 147 209 210 11 211 212 11 213 214 215 8 
216 217 11 108 218 219 8 
216 217 11 108 218 219 8 
216 217 11 108 218 219 8 
216 217 11 108 218 219 8 
94 220 11 179 221 222 223 8 
21 14 36 224 39 225 11 226 227 8 
21 14 36 224 39 225 11 226 227 8 
14 39 11 228 228 229 8 
234 235 8 
236 39 8 
237 238 39 8 
237 238 39 8 
240 11 241 239 202 11 242 243 8 
37 244 11 14 36 120 245 8 
37 244 11 14 36 120 245 8 
246 11 247 248 249 14 250 94 251 39 8 
73 252 11 179 132 253 254 11 28 255 256 257 8 
267 268 269 
267 268 269 
267 268 269 
16 
16 
16 
270 271 97 
270 271 97 
270 271 97 
272 273 274 39 
272 273 39 
275 276 
277 278 279 280 280 281 
30 282 
30 282 
30 282 
222 283 92 284 
285 286 287 288 231 
32 81 284 
289 169 
64 13 290 291 
64 13 290 291 
216 230 231 11 292 265 293 
216 230 231 11 292 265 293 
294 295 11 296 
294 295 11 296 
297 54 298 299 39 300 11 301 
297 54 298 299 39 300 11 301 
13 14 5 39 302 
13 14 5 39 302 
303 304 13 
305 128 
306 
307 
308 309 
308 309 
308 309 
310 311 
312 132 313 314 
312 132 313 314 
112 315 316 32 
267 317 
267 317 
318 5 319 13 259 
320 
321 322 323 
324 39 150 
325 326 39 327 
328 14 329 330 39 327 
202 254 331 
202 254 331 
331 332 
333 334 335 278 336 278 337 
338 278 172 278 16 
64 13 339 340 341 
342 265 232 341 
13 343 54 55 
344 345 
346 
347 148 
348 341 138 284 
203 11 349 
350 351 284 
173 11 352 147 353 
352 147 353 11 73 354 
222 73 156 154 
355 
356 
202 357 109 
202 357 109 
202 357 109 
127 
129 
358 359 
360 361 
360 361 
360 361 
362 363 
328 364 365 366 367 271 368 
16 73 369 
16 
362 363 
362 363 
370 371 372 
328 373 
328 373 
36 374 375 
36 374 375 
73 39 27 
376 377 
376 377 
81 378 379 
81 378 379 
78 380 117 378 379 
199 200 201 
381 138 
16 
382 383 278 384 385 386 
382 383 278 384 385 386 
352 387 39 388 11 73 387 39 389 390 
352 387 39 388 11 73 387 39 389 390 
73 39 11 391 23 392 393 
391 23 392 393 
394 395 
396 397 398 399 
400 401 402 138 403 
46 28 32 404 405 406 
407 387 408 39 409 410 
411 11 412 288 413 
414 343 54 55 
414 343 54 55 
415 265 232 341 39 11 349 121 
415 265 232 341 39 11 349 121 
416 270 269 97 5 39 364 
416 270 269 97 5 39 364 
46 28 32 417 39 
418 11 419 46 137 420 138 421 
422 423 
422 423 
422 423 
424 425 269 231 426 427 54 233 
424 425 269 231 426 427 54 233 
428 429 430 185 431 432 433 434 11 435 109 436 109 
97 428 429 430 185 
437 114 438 439 
73 11 360 361 
360 361 
440 100 441 11 100 272 73 442 443 444 445 446 
440 100 441 11 100 272 73 442 443 444 445 446 
440 100 441 11 100 272 73 442 443 444 445 446 
73 
447 448 449 450 451 452 11 453 274 407 454 
73 11 216 455 316 54 456 8 
73 11 216 455 316 54 453 457 
458 394 395 
267 270 271 97 
270 271 97 
270 271 97 
33 459 
33 459 
64 414 190 11 460 461 
462 147 379 
462 147 379 
462 147 379 
33 
33 
13 94 463 464 463 
13 465 403 
13 465 403 
13 465 403 
13 465 403 
13 465 403 
13 465 403 
466 
467 284 
343 
13 468 463 
469 
470 265 471 13 472 138 
464 473 13 
474 
5 475 467 13 
476 5 152 477 
478 
32 479 
480 11 481 482 483 39 
5 339 13 138 
484 485 138 
486 
