3 3 3 3
3
4 5 6 7 
5 8 9 10 
11 12 
5 10 13 14 15 
16 17 8 18 19 20 
11 21 
22 23 19 20 24 
25 19 20 24 26 
27 28 5 29 30 8 
31 32 33 34 15 
35 36 11 37 26 
38 8 
13 14 
39 40 32 5 41 42 
39 43 42 
44 45 46 47 48 49 38 26 
50 51 10 44 52 
53 54 55 15 
56 57 49 58 
59 37 20 
11 60 61 62 
22 23 63 64 10 7 65 
25 66 42 67 
68 19 20 
53 69 19 70 
5 50 29 42 71 72 52 
73 
74 67 
53 75 8 76 10 7 77 
76 78 79 80 26 
53 81 82 15 
53 83 38 84 15 
5 10 27 
85 7 86 8 87 88 89 77 
90 91 92 93 52 
94 53 95 92 7 96 97 15 
94 53 48 98 99 58 
94 53 92 100 15 101 102 103 104 15 
105 106 107 108 109 26 
110 111 112 37 20 
113 19 20 
53 114 11 115 
116 117 42 67 
118 119 32 87 88 120 38 121 
53 122 123 124 15 
21 125 15 
5 10 126 15 
53 54 55 15 
127 128 8 129 10 27 
16 130 131 15 
16 132 133 134 
16 135 136 137 15 
138 137 15 
138 139 140 15 
94 53 35 15 
16 92 7 141 15 
5 10 142 143 
5 10 144 134 
5 10 145 134 
146 95 147 7 18 
18 
21 8 148 10 7 
21 
39 110 21 
22 23 63 
22 23 11 63 
22 23 
25 63 
25 
27 149 42 5 
150 151 152 
62 151 152 
11 37 35 36 
35 36 
153 153 
154 
155 
39 40 32 5 41 42 
156 40 157 39 
158 40 157 39 
156 40 159 39 
158 40 159 39 
44 45 46 
45 44 46 
46 45 44 
45 46 44 
46 44 45 
44 46 45 
160 
44 20 38 
44 8 161 
162 
110 163 164 
110 163 165 
56 89 
56 
61 62 
11 61 166 
7 65 102 63 22 23 
22 23 63 167 
25 168 42 67 
169 66 42 67 
16 68 
68 19 79 
68 
170 16 92 7 171 15 
53 172 173 174 
5 175 15 
5 29 71 176 8 177 10 7 
178 179 180 5 
181 168 115 67 
182 111 39 40 183 67 
76 10 7 184 
185 186 39 187 76 15 
76 78 79 80 26 
76 
81 
37 188 189 
189 
83 82 15 
5 10 190 
89 88 87 
90 91 92 93 52 
90 
94 53 95 92 7 58 8 
58 8 
48 98 58 
110 111 112 37 20 
112 
113 19 20 
113 
39 110 115 114 
114 11 191 
191 114 
116 117 42 
116 192 193 42 
11 194 87 
11 194 88 
194 87 
194 88 
123 124 134 
21 8 195 
21 196 52 
5 10 197 
198 128 8 129 
16 8 130 
16 199 
200 
138 201 202 124 15 
138 203 204 
138 203 
16 35 15 
16 141 
198 128 19 20 
198 128 8 205 
198 128 11 206 
207 208 37 20 
208 37 20 207 
20 37 207 208 
209 37 20 207 
207 209 37 20 
20 37 207 209 
11 210 105 
105 7 65 211 
20 212 58 
57 213 212 58 
37 20 24 25 
24 25 37 20 
11 24 25 
48 98 58 
98 7 58 
20 197 124 
20 214 124 
53 215 216 15 
53 217 15 
218 124 15 
219 220 15 
221 222 10 7 
221 222 
223 224 225 15 
224 204 
226 204 
227 38 15 
228 229 124 15 
228 230 15 
231 230 15 
231 173 191 7 
232 11 47 233 
233 11 47 
11 47 233 
62 234 38 15 
235 37 20 
37 20 235 
138 11 236 
236 37 20 
37 20 236 
39 43 42 
237 39 238 239 240 
53 241 204 
241 10 27 
94 227 204 
94 242 15 
243 244 
11 245 244 
37 20 245 244 
11 246 247 
207 248 37 20 
249 250 15 
251 249 252 
253 254 204 
255 38 256 15 
255 257 124 15 
258 76 259 67 
260 114 261 173 115 15 
114 115 262 67 
53 102 263 15 
53 264 124 15 
11 106 264 
53 83 265 15 
266 124 15 
48 266 49 267 
39 268 42 
39 269 42 
39 270 
74 67 
271 272 67 
273 272 67 
138 274 7 65 
138 274 64 
138 274 
275 7 58 
166 184 117 42 67 
276 19 20 
277 19 20 
278 37 20 
37 20 278 
279 280 184 58 15 
94 20 281 
94 281 8 282 
94 53 283 284 285 15 
37 284 173 286 
16 287 92 288 15 
289 290 19 20 
289 290 11 206 
291 292 19 20 
291 292 11 206 
221 138 19 20 
113 19 20 
293 294 50 295 18 
18 19 20 
94 296 10 7 
94 296 
53 297 218 64 220 15 
297 220 15 
53 298 40 299 300 15 
7 65 301 40 299 300 
302 303 304 
305 40 299 306 204 
307 308 309 310 306 204 
53 311 312 313 106 15 
53 8 314 312 173 29 7 
311 312 281 15 
312 315 106 48 26 
106 48 312 316 
53 317 318 15 
317 318 15 
221 319 20 102 207 
20 102 207 221 319 
53 320 207 321 15 
322 323 15 
324 325 19 20 
326 325 19 20 
326 325 11 206 
221 293 294 327 19 20 
293 294 327 19 20 
328 329 330 120 22 8 282 19 20 
329 330 331 19 20 
331 8 332 333 
166 92 334 300 15 
334 300 7 65 
335 336 337 307 166 338 335 339 332 340 
335 336 332 340 
307 166 332 340 
92 335 341 342 15 
335 342 332 343 
335 92 304 15 
92 304 15 
335 344 7 65 345 
53 346 8 282 19 20 
37 20 346 
20 102 346 
347 348 8 349 19 20 
349 19 20 
87 350 89 8 339 51 173 106 15 
351 19 20 
351 205 
351 11 206 
352 25 37 20 
37 20 352 25 
5 353 39 354 15 
326 355 356 15 
326 357 358 15 
359 355 356 15 
359 357 358 15 
221 355 356 15 
221 357 358 15 
5 157 360 7 
5 361 
5 157 39 15 
362 39 
5 10 363 8 364 8 
5 365 366 
367 368 39 
369 
370 
166 102 371 372 15 
17 373 
39 157 374 375 
73 376 
39 110 377 42 
39 40 157 378 254 
379 
